<?xml version="1.0" encoding="UTF-8" standalone="no"?>
<!DOCTYPE svg PUBLIC "-//W3C//DTD SVG 20010904//EN"
              "http://www.w3.org/TR/2001/REC-SVG-20010904/DTD/svg10.dtd">

<svg xmlns="http://www.w3.org/2000/svg"
     width="6.21111in" height="9.96667in"
     viewBox="0 0 559 897">
  <path id="Ruta importada"
        fill="none" stroke="black" stroke-width="1"
        d="M 44.33,705.47
           C 44.33,705.47 1.00,729.80 1.00,729.80M 339.67,366.38
           C 339.67,366.38 296.32,390.71 296.32,390.71M 368.12,604.09
           C 368.12,604.09 411.45,579.76 411.45,579.76
             411.45,579.76 193.11,579.76 193.11,579.76
             193.11,579.76 184.48,604.09 184.48,604.09
             184.48,604.09 148.48,705.47 148.48,705.47M 558.80,705.47
           C 558.80,705.47 450.87,705.47 450.87,705.47
             450.87,705.47 407.54,729.80 407.54,729.80M 148.48,705.47
           C 148.48,705.47 105.14,729.80 105.14,729.80
             105.14,729.80 1.02,729.80 1.02,729.80
             1.02,729.80 206.68,116.62 206.68,116.62
             206.68,116.62 250.02,92.29 250.02,92.29M 557.99,705.47
           C 557.99,705.47 514.66,729.80 514.66,729.80
             514.66,729.80 407.54,729.80 407.54,729.80
             407.54,729.80 368.11,604.09 368.11,604.09
             368.11,604.09 184.48,604.09 184.48,604.09M 558.80,705.47
           C 558.80,705.47 339.66,366.38 339.66,366.38
             339.66,366.38 374.25,466.00 374.25,466.00
             374.25,466.00 322.46,466.00 322.46,466.00
             322.46,466.00 296.32,390.69 296.32,390.69
             296.32,390.69 348.39,236.33 348.39,236.33
             348.39,236.33 391.74,212.00 391.74,212.00
             391.74,212.00 558.80,705.47 558.80,705.47 Z
           M 351.93,92.29
           C 351.93,92.29 354.54,100.85 354.54,100.85
             354.54,100.85 302.46,255.21 302.46,255.21
             302.46,255.21 230.31,466.00 230.31,466.00
             230.31,466.00 374.25,466.00 374.25,466.00
             374.25,466.00 339.66,366.36 339.66,366.36
             339.66,366.36 391.74,212.00 391.74,212.00
             391.74,212.00 557.99,705.47 557.99,705.47
             557.99,705.47 450.84,705.47 450.84,705.47
             450.84,705.47 411.45,579.76 411.45,579.76
             411.45,579.76 193.11,579.76 193.11,579.76
             193.11,579.76 148.48,705.47 148.48,705.47
             148.48,705.47 44.33,705.47 44.33,705.47
             44.33,705.47 250.02,92.29 250.02,92.29
             250.02,92.29 351.93,92.29 351.93,92.29 Z
           M 558.80,0.00
           C 558.80,0.00 558.80,897.00 558.80,897.00
             558.80,897.00 1.64,897.00 1.64,897.00
             1.64,897.00 1.64,0.00 1.64,0.00
             1.64,0.00 558.80,0.00 558.80,0.00 Z" />
</svg>
